0.03211869436201781
0.03633827893175075
0.06559050445103859
0.03947181008902077
0.03427299703264096
0.042658753709198804
0.0372106824925816
0.03154896142433235
0.04278338278931751
0.04664688427299702
0.02562017804154303
0.034344213649851636
0.03883086053412462
0.042818991097922865
0.03865281899109793
0.04700296735905045
0.03665875370919881
0.04066468842729971
0.04283679525222552
0.03393471810089021
0.03078338278931751
0.03989910979228487
0.0440652818991098
0.034896142433234426
0.042160237388724035
0.034041543026706235

0.037922848664688424
0.039347181008902075
0.04876557863501483
0.04157270029673591
0.03938278931750742
0.03607121661721069
0.04527596439169139
0.03028486646884273
0.02675964391691395
0.0353946587537092
0.04479525222551929
0.030534124629080117
0.03491394658753709
0.04755489614243323
0.04036201780415429
0.03286646884272997
0.03541246290801187
0.07034421364985165
0.036409495548961425
0.029839762611275966
0.02903857566765579
0.035465875370919886
0.029465875370919884
0.037833827893175076
0.0456320474777448
0.036783382789317504

0.035020771513353116
0.036373887240356076
0.03343620178041543
0.03778041543026706
0.035430267062314544
0.04130563798219585
0.02750741839762611
0.03788724035608308
0.033667655786350156
0.041982195845697325
0.041038575667655786
0.04540059347181009
0.03998813056379822
0.04280118694362018
0.036391691394658754
0.03147774480712166
0.0347893175074184
0.038991097922848675
0.042284866468842726
0.03131750741839763
0.03893768545994066
0.032635014836795255
0.03464688427299703
0.043370919881305633
0.05855786350148369
0.045008902077151344

0.04522255192878339
0.038029673590504444
0.04370919881305638
0.03694362017804155
0.03672997032640949
0.03783382789317507
0.030979228486646887
0.03320474777448071
0.038848664688427306
0.037353115727002964
0.03664094955489614
0.05104451038575668
0.040575667655786345
0.0312106824925816
0.034842729970326405
0.06580415430267064
0.036997032640949556
0.029572700296735904
0.03888427299703265
0.04071810089020772
0.02522848664688427
0.034949554896142425
0.041163204747774476
0.03308011869436202
0.03455786350148368
0.04390504451038575

0.040183976261127595
0.033222551928783386
0.03425519287833828
0.03952522255192878
0.04477744807121661
0.03352522255192879
0.04287240356083087
0.045899109792284856
0.04666468842729969
0.03414836795252226
0.0343620178041543
0.035821958456973294
0.03411275964391692
0.0349139465875371
0.03340059347181009
0.044100890207715134
0.033899109792284866
0.03564391691394659
0.03503857566765578
0.05562017804154303
0.040753709198813055
0.03519881305637981
0.04328189910979228
0.0443501483679525
0.030534124629080117
0.03192284866468843

0.04143026706231454
0.038047477744807115
0.0365519287833828
0.04192878338278931
0.0387240356083086
0.026670623145400592
0.033169139465875366
0.03931157270029674
0.0364272997032641
0.03395252225519288
0.0475192878338279
0.034415430267062314
0.024801186943620185
0.03655192878338278
0.07021958456973294
0.04212462908011869
0.03186943620178041
0.03215430267062314
0.03861721068249258
0.03261721068249259
0.0400059347181009
0.04132344213649852
0.035163204747774485
0.03696142433234421
0.03915133531157271
0.04832047477744807

ilearnedhowtocalculatetheamountofpaperneededforaroomwheniwasatschoolyoumultiplythesquarefootageofthewallsbythecubiccontentsofthefloorandceilingcombinedanddoubleityouthenallowhalfthetotalforopeningssuchaswindowsanddoorsthenyouallowtheotherhalfformatchingthepatternthenyoudoublethewholethingagaintogiveamarginoferrorandthenyouorderthepaper
