KCCPKBGUFDPHQTYAVINRRTMVGRKDNBVFDETDGILTXRGUD
DKOTFMBPVGEGLTGCKQRACQCWDNAWCRXIZAKFTLEWRPTYC
QKYVXCHKFTPONCQQRHJVAJUWETMCMSPKQDYHJVDAHCTRL
SVSKCGCZQQDZXGSFRLSWCWSJTBHAFSIASPRJAHKJRJUMV
GKMITZHFPDISPZLVLGWTFPLKKEBDPGCEBSHCTJRWXBAFS
PEZQNRWXCVYCGAONWDDKACKAWBBIKFTIOVKCGGHJVLNHI
FFSQESVYCLACNVRWBBIREPBBVFEXOSCDYGZWPFDTKFQIY
CWHJVLNHIQIBTKHJVNPIST


Analisi sottosequenze
[
('KFT', [79, 97, 253]), 
('HJV', [107, 125, 263, 317, 329]), 
('KC', [0, 138, 259]), 
('FD', [8, 31, 307]), 
('VG', [23, 53, 179]), 
('GC', [59, 140, 209]), 
('AC', [64, 245, 280]), 
('CQ', [65, 89, 103]), 
('CW', [67, 155, 315]), 
('KF', [79, 97, 253, 310]), 
('FT', [80, 98, 254]), 
('YC', [88, 235, 277, 314]), 
('HJ', [107, 125, 263, 317, 329]), 
('JV', [108, 126, 264, 318, 330]), 
('SP', [119, 167, 191, 224]), 
('CG', [139, 236, 260]), 
('FS', [163, 223, 271]), 
('VL', [195, 265, 319]), 
('RW', [218, 230, 284]), 
('BB', [250, 286, 292])
]

TEST DI Kasiski
[6, 6, 1, 23, 6, 3, 1, 2, 8, 3, 6, 1, 6, 6, 3, 1, 12, 2, 6, 6]
la chiave sembra essere 6

Indice di coincidenza il migliore è per m = 6
[
 [0.038461538461538464, 0.04712004562303963],
 [0.055941845764854614, 0.048101673101673105, 0.04826254826254826],
 [0.03725490196078431, 0.04274239816408491, 0.037578886976477335, 0.04905335628227195],
 [0.04258121158911326, 0.04302019315188762, 0.032564450474898234, 0.035278154681139755, 0.04296698326549073],
 [0.06265664160401002, 0.08376623376623377, 0.04935064935064935, 0.06493506493506493, 0.04285714285714286, 0.07337662337662337],
 [0.030612244897959183, 0.044326241134751775, 0.04343971631205674, 0.040780141843971635, 0.044326241134751775, 0.044326241134751775, 0.040780141843971635],
 [0.03322259136212625, 0.04065040650406504, 0.03368176538908246, 0.04065040650406504, 0.03948896631823461, 0.04529616724738676, 0.04065040650406504, 0.0545876887340302],
 [0.051209103840682786, 0.04267425320056899, 0.06401137980085349, 0.07539118065433854, 0.04054054054054054, 0.03453453453453453, 0.04354354354354354, 0.04804804804804805, 0.042042042042042045]]

 la chiave sembra essere ancora 6