y_1
0.0321
0.0363
0.0656
0.0395
0.0343
0.0427
0.0372
0.0315
0.0428
0.0466
0.0256
0.0343
0.0388
0.0428
0.0387
0.0470
0.0367
0.0407
0.0428
0.0339
0.0308
0.0399
0.0441
0.0349
0.0422
0.0340

y_2
0.0379
0.0393
0.0488
0.0416
0.0394
0.0361
0.0453
0.0303
0.0268
0.0354
0.0448
0.0305
0.0349
0.0476
0.0404
0.0329
0.0354
0.0703
0.0364
0.0298
0.0290
0.0355
0.0295
0.0378
0.0456
0.0368

y_3
0.0350
0.0364
0.0334
0.0378
0.0354
0.0413
0.0275
0.0379
0.0337
0.0420
0.0410
0.0454
0.0400
0.0428
0.0364
0.0315
0.0348
0.0390
0.0423
0.0313
0.0389
0.0326
0.0346
0.0434
0.0586
0.0450

y_4
0.0452
0.0380
0.0437
0.0369
0.0367
0.0378
0.0310
0.0332
0.0388
0.0374
0.0366
0.0510
0.0406
0.0312
0.0348
0.0658
0.0370
0.0296
0.0389
0.0407
0.0252
0.0349
0.0412
0.0331
0.0346
0.0439

y_5
0.0402
0.0332
0.0343
0.0395
0.0448
0.0335
0.0429
0.0459
0.0467
0.0341
0.0344
0.0358
0.0341
0.0349
0.0334
0.0441
0.0339
0.0356
0.0350
0.0556
0.0408
0.0352
0.0433
0.0444
0.0305
0.0319

y_6
0.0414
0.0380
0.0366
0.0419
0.0387
0.0267
0.0332
0.0393
0.0364
0.0340
0.0475
0.0344
0.0248
0.0366
0.0702
0.0421
0.0319
0.0322
0.0386
0.0326
0.0400
0.0413
0.0352
0.0370
0.0392
0.0483

